0 0.10810810810810811 0.15166666666666667 0.16486486486486487 0.12333333333333334
0 0.5972972972972973 0.285 0.12432432432432433 0.25666666666666665
0 0.8418918918918918 0.22666666666666666 0.1918918918918919 0.16
0 0.8587837837837838 0.8233333333333334 0.1608108108108108 0.20666666666666667
0 0.6054054054054054 0.7966666666666666 0.1972972972972973 0.17333333333333334
0 0.3587837837837838 0.78 0.23648648648648649 0.15333333333333332
0 0.3655405405405405 0.43166666666666664 0.11216216216216217 0.27666666666666667
0 0.35945945945945945 0.15 0.10810810810810811 0.24
0 0.11621621621621622 0.5466666666666666 0.11081081081081082 0.28
0 0.10135135135135136 0.85 0.11081081081081082 0.26
